image: /home/nvidia/SLAM_ALL/SLAM_2d/src/rm_navigation/map/map0729.pgm
resolution: 0.050000
origin: [-20.341597, -21.358519, 0.000000]
negate: 0
occupied_thresh: 0.65
free_thresh: 0.196

