image: rmuc_map_draw.pgm
resolution: 0.050000
origin: [-6.000000, -7.5000000, 0.000000]
# origin: [-10.228287, -10.140713, 0.000000]
negate: 0
occupied_thresh: 0.65
free_thresh: 0.196

